475
16
2
2
1
6


0
1
0
1
-7
1
8230
0
0
0
0
300
0
0
26
1024
20000
23198
256
2048
512
12055
32604
32441
28000
1024
5
-74
-69
-47
-7
0
-74
-69
-43
-3
-3
50
400
-2
0
-90
1
400
0
7
16384
512
512
25520
32685
23197
9216
5
-74
-69
-47
-2
0
-82
-65
-47
-2
0
50
1000


1
1
0
1
-4
1
8230
0
0
0
0
300
0
0
26
1024
20000
23198
256
2048
512
12055
32604
32441
28000
1024
5
-74
-69
-47
-7	
0
-74
-69
-43
-3	
-3	
50
400
-2
0
-90
1
400
0
7
16384
512
512
25520
32685
23197
9216
5
-74
-69
-47
-2
0
-82
-65
-47
-2
0
50
1000


2
1
0
1
-1
1
8230
0
0
0
0
300
0
0
26
1024
20000
23198
256
2048
512
12055
32604
32441
28000
1024
5
-74
-69
-47
-7
0
-74
-69
-43
-3
-3
50
400
-2
0
-90
1
400
0
7
16384
512
512
25520
32685
23197
9216
5
-74
-69
-47
-2
0
-82
-65
-47
-2
0
50
1000


3
1
0
1
2
1
8230
0
0
0
0
300
0
0
26
1024
20000
16384
256
2048
512
12055
32604
32441
28000
1024
5
-74
-69
-47
-7
0
-74
-69
-43
-3
-3
50
400
-2
0
-90
1
400
0
7
16384
512
512
25520
32685
23197
9216
5
-74
-69
-47
-2
0
-82
-65
-47
-2
0
50
1000


4
1
0
1
5
1
8230
0
0
0
0
300
0
0
26
1024
20000
23198
256
2048
512
12055
32604
32441
28000
1024
5
-74
-69
-47
-7
0
-74
-69
-43
-3
-3
50
400
-2
0
-90
1
400
0
7
16384
512
512
25520
32685
23197
9216
5
-74
-69
-47
-2
0
-82
-65
-47
-2
0
50
1000


5
1
0
1
8
1
8230
0
0
0
0
300
0
0
26
1024
20000
23198
256
2048
512
12055
32604
32441
28000
1024
5
-74
-69
-47
-7
0
-74
-69
-43
-3
-3
50
400
-2
0
-90
1
400
0
7
16384
512
512
25520
32685
23197
9216
5
-75
-68
-50
-24
0
-96
-76
-50
-24
0
50
1000


1
1


1


0
10
800
120


0
64
2729
1488
-27
-92
-37
-28
149
-124
-1
73
-48
-3
19
-8
6
-19
30
-28
19
-14
13
-13
11
-9
8
-8
8
-8
7
-7
6
-6
5
-4
4
-3
3
-3
2
-2
2
-1
1
-1
1
-1
0
0
0
0
0
0
0
0
0
0
0
0
0
0
0
0
0
0