475
16
2
1
1
6


0
1
0
1
-7
1
6537
0
0
0
0
100
0
0
26
1024
20000
23198
256
2048
512
12055
32604
32441
28000
1024
5
-75
-68
-45
-3
0
-96
-68
-45
-3
0
50
400
0
0
-90
1
250
0
7
16384
512
512
25520
32685
23197
9216
5
-80
-70
-50
-24
0
-96
-86
-50
-24
0
1000
50


1
1
0
1
-3
1
8230
0
0
0
0
100
0
0
26
1024
20000
23198
256
2048
512
12055
32604
32441
28000
1024
5
-75
-68
-45
-3
0
-96
-68
-45
-3
0
50
400
0
0
-90
1
250
0
0
16384
512
512
25520
32685
23197
9216
5
-80
-70
-50
-24
0
-96
-86
-50
-24
0
1000
50


2
1
0
1
1
1
8230
0
0
0
0
100
0
0
26
1024
20000
23198
256
2048
512
12055
32604
32441
28000
1024
5
-75
-68
-45
-3	
0
-96
-68
-45
-3	
0
50
400
0
0
-90
1
250
0
0
16384
512
512
25520
32685
23197
9216
5
-80
-70
-50
-24
0
-96
-86
-50
-24
0
1000
50


3
1
0
1
5
1
8230
0
0
0
0
100
0
0
26
1024
20000
23198
256
2048
512
12055
32604
32441
28000
1024
5
-75
-68
-45
-3	
0
-96
-68
-45
-3	
0
50
400
0
0
-90
1
250
0
0
16384
512
512
25520
32685
23197
9216
5
-80
-70
-50
-24
0
-96
-86
-50
-24
0
1000
50


4
1
0
1
8
1
8230
0
0
0
0
100
0
0
26
1024
20000
23198
256
2048
512
12055
32604
32441
28000
1024
5
-75
-68
-45
-3
0
-96
-68
-45
-3
0
50
400
0
0
-90
1
250
0
0
16384
512
512
25520
32685
23197
9216
5
-80
-70
-50
-24
0
-96
-86
-50
-24
0
1000
50


5
1
0
1
11
1
8230
0
0
0
0
50
0
0
26
1024
20000
23198
256
2048
512
12055
32604
32441
28000
1024
5
-75
-68
-45
-3
0
-96
-68
-45
-3
0
50
400
0
0
-90
1
250
0
0
16384
512
512
25520
32685
23197
9216
5
-80
-70
-50
-24
0
-96
-86
-50
-24
0
1000
50


1
1


1


0
10
800
120


1
64
3721
399
79
-165
55
11
12
-40
27
-2
0
-9
8
4
-11
3
7
-10
5
0
1
-3
4
-2
1
-1
2
-1
1
-1
1
-1
1
0
0
0
0
0
0
0
0
0
0
0
0
0
0
0
0
0
0
0
0
0
0
0
0
0
0
0
0
0
0
0

