212
16
3
2
1
1
0
1
10
8192
1
8
0
250
0
7000
1
191
0
2048
8192
0
128
8192
4096
80
8192
1024
2
776
16000
14000
1000
500
400
768
16000
14000
1000
500
400
768
16000
280
5826
16384
512
768
150
16384
16384
1
2000
32
64
64
16728
700
0
0
2551
0
8192
8192
2048
40
2048
1568
40
2048
1568
1
776
32
1024
800
32
1024
800
1
776
1
11470
23062
-11398
-2622
4704
8698
8807
4494
835
481
209
6655
7358
-1669
4806
-598
-880
16
1024
16
181
16384
10000
16000
5000
128
9830
512
12288
9830
0
20
410
5570
8192
512
362
0
0
16384
256
4096
12055
32442
23170
4096
0
0
1
5
-70
-50
-45
-3
0
-80
-50
-45
-3
0
50
50
0
0
0
64
2631
1272
-271
-315
-240
-214
-25
-285
-146
-61
-171
-114
-82
-100
-75
-92
-35
-86
-32
-59
-26
-47
-18
-34
-13
-26
-6
-20
-2
-14
0
-10
2
-6
3
-3
4
-1
4
0
4
0
4
0
3
1
2
1
2
1
1
0
1
0
0
0
0
0
0
0
0
0
0
0
