212
16
3
4
1

1
0
1
10
8192
1
23
1
250
0
7000
1
63
0
8192
2048
0
128
8192
1024
96
8192
512
1
776
2000
1000
300
100
100
64
2000
1000
300
100
100
96
2000
280
5826
16384
512
768
150
16384
16384
1
8000
32
64
64
16680
512
0
0
2551
0
8192
8192
2048
40
2048
1568
40
2048
1568
1
776
32
1024
800
32
1024
800
1
776
1
11470
23062
-11398
-2622
4704
8698
8807
4494
835
481
209
6655
7358
-1669
4806
-598
-880
16
1024
16
181
16384
10000
16000
5000
128
9830
512
12288
9830
0
20
410
5570
8192
512
362
0
0
16384
256
4096
12055
32442
23170
4096
0
0
1
5
-75
-65
-50
-24
0
-96
-65
-50
-24
-9
50
50
1
-1
0
64
2631
1272
-271
-315
-240
-214
-25
-285
-146
-61
-171
-114
-82
-100
-75
-92
-35
-86
-32
-59
-26
-47
-18
-34
-13
-26
-6
-20
-2
-14
0
-10
2
-6
3
-3
4
-1
4
0
4
0
4
0
3
1
2
1
2
1
1
0
1
0
0
0
0
0
0
0
0
0
0
0
